21 0 43 0 1745317257.4037142 /var/www/html/log/xdebug.log
21 0 44 0 1744879987.007386 /var/www/html/log/xdebug.log
27568 0 43 77743 1744176266.332154 /var/www/html/log/jobs-sync/2025-04-09/job-sync-order-list.info-2025-04-09.log
28793 0 43 2524 1744176266.33134 /var/www/html/log/jobs-sync/2025-04-09/job-sync-order-list.error-2025-04-09.log
36948 0 43 2097654 1744249748.0443158 
37177 0 43 1082 1744270867.498374 /var/www/html/log/jobs-sync/2025-04-10/OrderProduce-ALI-1.info-2025-04-10.log
37183 0 43 89756 1744270867.618458 /var/www/html/log/jobs-sync/2025-04-10/job-sync-order-list.info-2025-04-10.log
37189 0 43 3365538 1744271041.013926 /var/www/html/log/jobs-sync/2025-04-10/job-sync-order-ALI.info-2025-04-10.log
37290 0 43 505154 1744271041.01282 /var/www/html/log/jobs-sync/2025-04-10/app_platform_logic_common_OrderConsumer.info-2025-04-10.log
37299 0 43 2663270 1744271042.0815182 /var/www/html/log/jobs-sync/2025-04-10/job-sync-order-platform-ALI.info-2025-04-10.log
37447 0 43 2997 1744249952.413094 /var/www/html/log/jobs-sync/2025-04-10/job-sync-order-ALI.error-2025-04-10.log
37399 0 43 1868785 1744271042.0813482 /var/www/html/log/jobs-sync/2025-04-10/OrderCancelHandler.info-2025-04-10.log
37517 0 43 2855 1744270872.698876 /var/www/html/log/jobs-sync/2025-04-10/job-sync-order-platform-ALI.error-2025-04-10.log
37518 0 43 19846 1744270872.694151 /var/www/html/log/jobs-sync/2025-04-10/app_platform_logic_common_OrderConsumer.error-2025-04-10.log
38037 0 43 2097459 1744250037.6237628 
38057 0 43 2113772 1744250220.192633 
38072 0 43 2097601 1744250463.346319 
38164 0 43 2101068 1744250902.3732688 
38172 0 43 8229 1744251786.537886 /var/www/html/log/jobs-sync/2025-04-10/OrderCancelHandler.error-2025-04-10.log
38341 0 43 2100998 1744251494.622507 
38382 0 43 2097460 1744270958.882895 /var/www/html/log/jobs-sync/1744270948-20250410_cli.log
38831 0 43 1893 1744263627.861331 /var/www/html/log/jobs-sync/2025-04-10/job-sync-order-list.error-2025-04-10.log
41843 0 43 985552 1744271042.081248 /var/www/html/log/jobs-sync/20250410_cli.log
98 0 43 2157 1744353734.129654 /var/www/html/log/jobs-sync/2025-04-07/job-sync-order-ALI.error-2025-04-07.log
99 0 43 1927 1744353734.129719 /var/www/html/log/jobs-sync/2025-04-07/OrderProduce-ALI-1.info-2025-04-07.log
100 0 43 676 1744353734.129792 /var/www/html/log/jobs-sync/2025-04-07/job-sync-order-platform-ALI.error-2025-04-07.log
94 0 43 6320 1744353734.129292 /var/www/html/log/jobs-sync/2025-04-07/OrderCancelHandler.error-2025-04-07.log
93 0 43 14213 1744353734.129171 /var/www/html/log/jobs-sync/2025-04-07/app_platform_logic_common_OrderConsumer.error-2025-04-07.log
102 0 43 1227315 1744353734.1299338 /var/www/html/log/jobs-sync/2025-04-07/OrderCancelHandler.info-2025-04-07.log
96 0 43 326804 1744353734.129487 /var/www/html/log/jobs-sync/2025-04-07/app_platform_logic_common_OrderConsumer.info-2025-04-07.log
101 0 43 1793408 1744353734.129858 /var/www/html/log/jobs-sync/2025-04-07/job-sync-order-platform-ALI.info-2025-04-07.log
95 0 43 2100416 1744353734.129402 /var/www/html/log/jobs-sync/2025-04-07/job-sync-order-ALI.info-2025-04-07.log
97 0 43 54813 1744353734.129586 /var/www/html/log/jobs-sync/2025-04-07/job-sync-order-list.info-2025-04-07.log
73 0 43 539 1744353734.122923 /var/www/html/log/jobs-sync/2025-04-08/OrderProduce-ALI-1.info-2025-04-08.log
74 0 43 675 1744353734.123612 /var/www/html/log/jobs-sync/2025-04-08/job-sync-order-platform-ALI.error-2025-04-08.log
79 0 43 1432 1744353734.125188 /var/www/html/log/jobs-sync/2025-04-08/job-sync-order-ALI.error-2025-04-08.log
81 0 43 13882 1744353734.125778 /var/www/html/log/jobs-sync/2025-04-08/OrderCancelHandler.error-2025-04-08.log
72 0 43 1757773 1744353734.12284 /var/www/html/log/jobs-sync/2025-04-08/OrderCancelHandler.info-2025-04-08.log
75 0 43 2445607 1744353734.123781 /var/www/html/log/jobs-sync/2025-04-08/job-sync-order-platform-ALI.info-2025-04-08.log
80 0 43 28698 1744353734.125481 /var/www/html/log/jobs-sync/2025-04-08/app_platform_logic_common_OrderConsumer.error-2025-04-08.log
78 0 43 475766 1744353734.124982 /var/www/html/log/jobs-sync/2025-04-08/app_platform_logic_common_OrderConsumer.info-2025-04-08.log
52 0 43 714658 1744353734.1170042 /var/www/html/log/jobs-sync/20250408_cli.log
76 0 43 3110272 1744353734.124095 /var/www/html/log/jobs-sync/2025-04-08/job-sync-order-ALI.info-2025-04-08.log
77 0 43 92148 1744353734.124674 /var/www/html/log/jobs-sync/2025-04-08/job-sync-order-list.info-2025-04-08.log
84 0 43 541 1744353734.1268759 /var/www/html/log/jobs-sync/2025-04-09/OrderProduce-ALI-1.info-2025-04-09.log
86 0 43 677 1744353734.128153 /var/www/html/log/jobs-sync/2025-04-09/job-sync-order-platform-ALI.error-2025-04-09.log
90 0 43 757 1744353734.1288 /var/www/html/log/jobs-sync/2025-04-09/job-sync-order-ALI.error-2025-04-09.log
92 0 43 11394 1744353734.12899 /var/www/html/log/jobs-sync/2025-04-09/OrderCancelHandler.error-2025-04-09.log
91 0 43 22052 1744353734.128896 /var/www/html/log/jobs-sync/2025-04-09/app_platform_logic_common_OrderConsumer.error-2025-04-09.log
82 0 43 1444818 1744353734.126288 /var/www/html/log/jobs-sync/2025-04-09/OrderCancelHandler.info-2025-04-09.log
87 0 43 389812 1744353734.128367 /var/www/html/log/jobs-sync/2025-04-09/app_platform_logic_common_OrderConsumer.info-2025-04-09.log
85 0 43 1964355 1744353734.127691 /var/www/html/log/jobs-sync/2025-04-09/job-sync-order-platform-ALI.info-2025-04-09.log
54 0 43 1069607 1744353734.1175091 /var/www/html/log/jobs-sync/20250409_cli.log
89 0 43 2568054 1744353734.128619 /var/www/html/log/jobs-sync/2025-04-09/job-sync-order-ALI.info-2025-04-09.log
83 0 43 2524 1744353734.1266148 /var/www/html/log/jobs-sync/2025-04-09/job-sync-order-list.error-2025-04-09.log
88 0 43 77743 1744353734.128503 /var/www/html/log/jobs-sync/2025-04-09/job-sync-order-list.info-2025-04-09.log
63 0 43 2997 1744353734.1178062 /var/www/html/log/jobs-sync/2025-04-10/job-sync-order-ALI.error-2025-04-10.log
70 0 43 1893 1744353734.118558 /var/www/html/log/jobs-sync/2025-04-10/job-sync-order-list.error-2025-04-10.log
69 0 43 1082 1744353734.11849 /var/www/html/log/jobs-sync/2025-04-10/OrderProduce-ALI-1.info-2025-04-10.log
65 0 43 89756 1744353734.117978 /var/www/html/log/jobs-sync/2025-04-10/job-sync-order-list.info-2025-04-10.log
67 0 43 2855 1744353734.118262 /var/www/html/log/jobs-sync/2025-04-10/job-sync-order-platform-ALI.error-2025-04-10.log
71 0 43 1881914 1744353734.1215022 /var/www/html/log/jobs-sync/2025-04-10/OrderCancelHandler.info-2025-04-10.log
66 0 43 508911 1744353734.118046 /var/www/html/log/jobs-sync/2025-04-10/app_platform_logic_common_OrderConsumer.info-2025-04-10.log
68 0 43 2683307 1744353734.1183531 /var/www/html/log/jobs-sync/2025-04-10/job-sync-order-platform-ALI.info-2025-04-10.log
53 0 43 1130829 1744353734.117418 /var/www/html/log/jobs-sync/20250410_cli.log
64 0 43 3384638 1744353734.1179152 /var/www/html/log/jobs-sync/2025-04-10/job-sync-order-ALI.info-2025-04-10.log
1679 0 43 63230 1744353734.115726 /var/www/html/log/wms/20250410.log
1681 0 43 280483 1744353734.116366 /var/www/html/log/wms/202504/10.log
3069 0 43 2096072 1744344152.673957 
3298 0 43 539 1744353734.122577 /var/www/html/log/jobs-sync/2025-04-11/OrderProduce-ALI-1.info-2025-04-11.log
3304 0 43 73214 1744353734.122108 /var/www/html/log/jobs-sync/2025-04-11/job-sync-order-list.info-2025-04-11.log
3310 0 43 2458963 1744353734.1222 /var/www/html/log/jobs-sync/2025-04-11/job-sync-order-ALI.info-2025-04-11.log
3411 0 43 376582 1744353734.1220279 /var/www/html/log/jobs-sync/2025-04-11/app_platform_logic_common_OrderConsumer.info-2025-04-11.log
3420 0 43 1950269 1744353734.122318 /var/www/html/log/jobs-sync/2025-04-11/job-sync-order-platform-ALI.info-2025-04-11.log
3520 0 43 1382168 1744353734.122761 /var/www/html/log/jobs-sync/2025-04-11/OrderCancelHandler.info-2025-04-11.log
3607 0 43 1350 1744353734.12251 /var/www/html/log/jobs-sync/2025-04-11/job-sync-order-platform-ALI.error-2025-04-11.log
3608 0 43 18413 1744353734.121938 /var/www/html/log/jobs-sync/2025-04-11/app_platform_logic_common_OrderConsumer.error-2025-04-11.log
3613 0 43 2086131 1744344310.839253 
3625 0 43 2078457 1744344563.5352092 
3643 0 43 2082985 1744344750.943046 
3658 0 43 2081322 1744345223.0511422 
3661 0 43 6941 1744353734.1218 /var/www/html/log/jobs-sync/2025-04-11/OrderCancelHandler.error-2025-04-11.log
3693 0 43 1436887 1744353734.117304 /var/www/html/log/jobs-sync/20250411_cli.log
3835 0 43 629 1744353734.122665 /var/www/html/log/jobs-sync/2025-04-11/job-sync-order-list.error-2025-04-11.log
4405 0 43 4909 1744353855.25286 /var/www/html/log/oms/20250411.log
4514 0 43 20620 1744368074.5477679 /var/www/html/log/wms/20250411.log
4515 0 43 17653 1744368074.551279 /var/www/html/log/wms/202504/11.log
77 0 44 1082 1744614174.524582 /var/www/html/log/jobs-sync/2025-04-10/OrderProduce-ALI-1.info-2025-04-10.log
73 0 44 89756 1744614174.524045 /var/www/html/log/jobs-sync/2025-04-10/job-sync-order-list.info-2025-04-10.log
75 0 44 2855 1744614174.524183 /var/www/html/log/jobs-sync/2025-04-10/job-sync-order-platform-ALI.error-2025-04-10.log
74 0 44 508911 1744614174.5241299 /var/www/html/log/jobs-sync/2025-04-10/app_platform_logic_common_OrderConsumer.info-2025-04-10.log
76 0 44 2683307 1744614174.524482 /var/www/html/log/jobs-sync/2025-04-10/job-sync-order-platform-ALI.info-2025-04-10.log
4588 0 44 271254 1744717873.070072 /var/www/html/log/oms/20250415_error.log
4839 0 44 10486618 1744699003.006031 /var/www/html/log/oms/1744698995-20250415.log
4948 0 44 5233069 1744717879.099119 /var/www/html/log/oms/20250415.log
5900 0 44 795 1744704911.325719 /var/www/html/log/wms/20250415.log
5903 0 44 649 1744704911.329062 /var/www/html/log/wms/202504/15.log
9510 0 44 10485815 1744796404.860889 /var/www/html/log/oms/1744796400-20250416.log
9521 0 44 1286407 1744808764.098017 /var/www/html/log/oms/20250416_error.log
27185 0 44 10129310 1744808789.244919 /var/www/html/log/oms/20250416.log
45710 0 44 7394656 1744876941.68401 /var/www/html/log/oms/20250417.log
45718 0 44 1875622 1744873849.67665 /var/www/html/log/oms/20250417_error.log
126 0 44 2157 1744879987.099127 
127 0 44 1927 1744879987.1242821 
128 0 44 676 1744879987.1272712 
122 0 44 6320 1744879987.135735 
121 0 44 14213 1744879987.141871 
130 0 44 1227315 1744879993.115887 
124 0 44 326804 1744879993.53546 
129 0 44 1793408 1744879994.382212 
78 0 44 260131 1744879994.513728 
123 0 44 2100416 1744879995.1303911 
125 0 44 54813 1744879995.15205 
101 0 44 539 1744879995.159927 
102 0 44 675 1744879995.1810179 
107 0 44 1432 1744879995.1851258 
109 0 44 13882 1744879995.199024 
100 0 44 1757773 1744879995.8990428 
103 0 44 2445607 1744879997.044788 
108 0 44 28698 1744879997.056262 
106 0 44 475766 1744879997.171035 
69 0 44 714658 1744879997.237149 
104 0 44 3110272 1744879997.704914 
105 0 44 92148 1744879997.738544 
112 0 44 541 1744879997.769426 
114 0 44 677 1744879997.7845979 
118 0 44 757 1744879997.801815 
120 0 44 11394 1744879997.809043 
119 0 44 22052 1744879997.832396 
110 0 44 1444818 1744879998.366699 
115 0 44 389812 1744879998.470145 
113 0 44 1964355 1744879998.8503928 
72 0 44 1069607 1744879998.922971 
117 0 44 2568054 1744879999.293257 
111 0 44 2524 1744879999.299126 
116 0 44 77743 1744879999.320045 
81 0 44 2997 1744879999.329882 
79 0 44 8229 1744879999.345365 
88 0 44 1893 1744879999.355864 
87 0 44 1082 1744879999.378679 
83 0 44 89756 1744879999.395024 
85 0 44 2855 1744879999.4001532 
80 0 44 19846 1744879999.412607 
89 0 44 1881914 1744880000.042323 
84 0 44 508911 1744880000.128627 
86 0 44 2683307 1744880000.642607 
71 0 44 1130829 1744880000.80201 
82 0 44 3384638 1744880001.228267 
65 0 44 63230 1744880001.24065 
68 0 44 280483 1744880001.3145769 
97 0 44 539 1744880001.3174038 
96 0 44 1350 1744880001.329577 
90 0 44 6941 1744880001.354197 
91 0 44 18413 1744880001.380413 
99 0 44 1382168 1744880001.766148 
92 0 44 376582 1744880001.853893 
95 0 44 1950269 1744880002.518736 
94 0 44 2458963 1744880002.651689 
98 0 44 629 1744880002.6566148 
93 0 44 73214 1744880002.680288 
70 0 44 1436887 1744880002.884233 
61 0 44 4909 1744880002.890494 
63 0 44 20620 1744880002.894879 
67 0 44 17653 1744880002.9128819 
56 0 44 10486618 1744880005.135027 
62 0 44 795 1744880005.1430008 
66 0 44 649 1744880005.145738 
54 0 44 271254 1744880005.156458 
57 0 44 5233069 1744880005.8532898 
53 0 44 10485815 1744880007.247245 
55 0 44 1286407 1744880007.295347 
59 0 44 10129310 1744880008.4922101 
60 0 44 1905096 1744889600.628981 
58 0 44 7423385 1744889600.629965 
8171 0 44 1015 1744888886.3318372 
8418 0 44 3378 1744888886.332401 
8437 0 44 80743 1744888889.348108 
8425 0 44 13988 1744904428.49837 
8749 0 44 9420 1744904428.497967 
9105 0 44 101071368 1744988338.815146 
9104 0 44 101071804 1744988338.815283 
19249 0 44 1865432 1744972831.922195 
19252 0 44 1952895 1744973881.683033 
19255 0 44 1982785 1744973895.490202 
19258 0 44 2051630 1744973908.933337 
19261 0 44 1942850 1744973925.2670429 
19263 0 44 1833580 1744973935.43179 
19265 0 44 1810550 1744973943.4994252 
19267 0 44 2052365 1744973952.715339 
19270 0 44 2020025 1744973960.783701 
19271 0 44 1935255 1744973968.793393 
19274 0 44 1895320 1744973976.84529 
19275 0 44 1905855 1744973985.020104 
19278 0 44 1845585 1744973993.0196521 
19281 0 44 1969310 1744974002.198973 
19283 0 44 1961470 1744974010.404879 
19285 0 44 1903650 1744974019.513999 
19287 0 44 1853425 1744974027.6370802 
19289 0 44 1817655 1744974035.677449 
19291 0 44 2063390 1744974044.845652 
19294 0 44 1074114 1744988338.81477 
19315 0 44 1782113 1745052396.174505 
19317 0 44 22408377 1745077913.159298 
19318 0 44 22408813 1745077913.1593819 
19407 0 44 1690010 1745052417.053471 
19410 0 44 1775515 1745052422.1362019 
19412 0 44 1861755 1745052427.3304389 
19415 0 44 672963 1745077913.159122 
20712 0 44 665941 1745160762.917077 
20714 0 44 1647240 1745160762.9171882 
20715 0 44 1647677 1745160762.9172602 
20822 0 44 2010994 1745198755.15311 
20824 0 44 8466324 1745198803.147139 
20825 0 44 8466761 1745198803.1539052 
20848 0 44 1325458 1745198803.134326 
23830 0 44 0 1745201533.477452 
23836 0 44 0 1745201533.478859 
23834 0 44 3133 1745202770.9813159 
23832 0 44 19769455 1745203224.279162 
23963 0 44 0 1745203269.487608 
23969 0 44 0 1745203269.4922311 
23967 0 44 7467 1745217799.5612042 
23965 0 44 5938081 1745218838.275926 
23978 0 44 2098377 1745204730.872634 
24016 0 44 1809229 1745204797.5471618 
24015 0 44 1526818 1745204678.589474 
24209 0 44 570367 1745204790.232198 
24397 0 44 2918817 1745204791.369137 
24449 0 44 2719569 1745204791.3909302 
24452 0 44 2583727 1745204791.409395 
24455 0 44 2956757 1745204806.7315838 
24459 0 44 2100719 1745204806.737594 
24375 0 44 1294668 1745204812.817255 
24273 0 44 334246 1745204812.81554 
24462 0 44 2986067 1745204821.910649 
24466 0 44 578555 1745204812.8149738 
29053 0 44 0 1745207400.232733 
33333 0 44 0 1745207402.282944 
34327 0 44 0 1745207403.293493 
34329 0 44 0 1745207403.294519 
36262 0 44 0 1745207404.326603 
36265 0 44 0 1745207404.327796 
38972 0 44 0 1745207405.343761 
38974 0 44 0 1745207405.343925 
39150 0 44 0 1745207406.349083 
39152 0 44 0 1745207406.3511 
39804 0 44 0 1745207408.107747 /var/www/html/log/account/debug/debug-2025-04-21.log
39812 0 44 0 1745207408.108223 
39925 0 44 0 1745207408.1108599 
41760 0 44 0 1745207409.152112 
51274 0 44 0 1745207416.222188 
53658 0 44 0 1745207423.4820461 /var/www/html/log/account/debug/debug-2025-04-21.log
53677 0 44 0 1745207423.4854228 /var/www/html/log/account/error/error-2025-04-21.log
53699 0 44 0 1745207423.497285 
53701 0 44 0 1745207423.4981549 
54601 0 44 0 1745207424.524767 
54611 0 44 0 1745207424.526257 
55782 0 44 0 1745207425.56673 /var/www/html/log/account/debug/debug-2025-04-21.log
55784 0 44 0 1745207425.567538 /var/www/html/log/account/error/error-2025-04-21.log
55786 0 44 0 1745207425.5682242 
55788 0 44 0 1745207425.5687032 
55933 0 44 0 1745207427.099689 /var/www/html/log/account/debug/debug-2025-04-21.log
56036 0 44 0 1745207427.102078 /var/www/html/log/account/error/error-2025-04-21.log
56062 0 44 0 1745207427.10335 
56064 0 44 0 1745207427.103715 
56390 0 44 0 1745207428.611221 /var/www/html/log/account/debug/debug-2025-04-21.log
56405 0 44 0 1745207428.670026 /var/www/html/log/account/error/error-2025-04-21.log
56435 0 44 0 1745207428.7296212 
56442 0 44 0 1745207428.7615838 
56681 0 44 0 1745207430.020707 /var/www/html/log/account/debug/debug-2025-04-21.log
56687 0 44 0 1745207430.049025 /var/www/html/log/account/error/error-2025-04-21.log
56710 0 44 0 1745207430.1142921 
56716 0 44 0 1745207430.118691 
57168 0 44 0 1745207431.1546462 
59169 0 44 0 1745207435.183303 /var/www/html/log/account/debug/debug-2025-04-21.log
59276 0 44 0 1745207435.197115 
59634 0 44 0 1745207436.3908281 
59819 0 44 0 1745207437.940846 
59823 0 44 0 1745207437.958971 
63187 0 44 965054 1745217799.546418 
63188 0 44 10485918 1745217812.9626808 
116155 0 44 1526818 1745217799.429368 
91168 0 44 1349112 1745218562.959306 
120641 0 44 1012208 1745241235.835239 /var/www/html/log/account/debug/debug-2025-04-21.log
120645 0 44 84473 1745251278.726645 /var/www/html/log/account/warn/warn-2025-04-21.log
120643 0 44 13853059 1745251278.7269921 /var/www/html/log/account/info/info-2025-04-21.log
120647 0 44 192262 1745240992.885497 /var/www/html/log/account/error/error-2025-04-21.log
124932 0 44 75028160 1745317011.977342 /var/www/html/log/account/info/info-2025-04-22.log
124934 0 44 148022 1745313891.473202 /var/www/html/log/account/warn/warn-2025-04-22.log
126900 0 44 0 1745286836.875021 /var/www/html/log/account/debug/debug-2025-04-22.log
126901 0 44 391649 1745313891.4718308 /var/www/html/log/account/error/error-2025-04-22.log
60 0 43 192262 1745317257.625782 /var/www/html/log/account/error/error-2025-04-21.log
61 0 43 1012208 1745317267.207274 /var/www/html/log/account/debug/debug-2025-04-21.log
57 0 43 13853059 1745317270.230654 /var/www/html/log/account/info/info-2025-04-21.log
56 0 43 84473 1745317270.3451931 /var/www/html/log/account/warn/warn-2025-04-21.log
62 0 43 0 1745317257.415493 /var/www/html/log/account/debug/debug-2025-04-22.log
55 0 43 170064 1745336606.440242 /var/www/html/log/account/warn/warn-2025-04-22.log
59 0 43 531733 1745323363.225036 /var/www/html/log/account/error/error-2025-04-22.log
58 0 43 75390606 1745336606.441029 /var/www/html/log/account/info/info-2025-04-22.log
36127 0 43 27333 1745378818.981926 /var/www/html/log/account/warn/warn-2025-04-23.log
36126 0 43 326665 1745379360.6248162 /var/www/html/log/account/info/info-2025-04-23.log
